 aipp_op{
    aipp_mode:static
    input_format : RGB888_U8
    src_image_size_w : 640
    src_image_size_h : 640

    csc_switch : false
    rbuv_swap_switch : true
    matrix_r0c0 : 256
    matrix_r0c1 : 0
    matrix_r0c2 : 359
    matrix_r1c0 : 256
    matrix_r1c1 : -88
    matrix_r1c2 : -183
    matrix_r2c0 : 256
    matrix_r2c1 : 454
    matrix_r2c2 : 0
    input_bias_0 : 0
    input_bias_1 : 128
    input_bias_2 : 128

    min_chn_0 : 0
    min_chn_1 : 0
    min_chn_2 : 0
    var_reci_chn_0: 0.0039215686274509803921568627451
    var_reci_chn_1: 0.0039215686274509803921568627451
    var_reci_chn_2: 0.0039215686274509803921568627451
}

